data;
param m := 20;
param n := 100;
param c := 
    1 1 50
    1 2 15
    1 3 31
    1 4 24
    1 5 49
    1 6 36
    1 7 19
    1 8 42
    1 9 38
    1 10 43
    1 11 10
    1 12 47
    1 13 13
    1 14 48
    1 15 13
    1 16 33
    1 17 18
    1 18 37
    1 19 28
    1 20 41
    1 21 33
    1 22 42
    1 23 43
    1 24 31
    1 25 47
    1 26 26
    1 27 17
    1 28 48
    1 29 21
    1 30 23
    1 31 25
    1 32 42
    1 33 36
    1 34 50
    1 35 21
    1 36 40
    1 37 28
    1 38 28
    1 39 16
    1 40 41
    1 41 20
    1 42 37
    1 43 16
    1 44 24
    1 45 14
    1 46 50
    1 47 39
    1 48 23
    1 49 35
    1 50 44
    1 51 31
    1 52 20
    1 53 34
    1 54 26
    1 55 40
    1 56 33
    1 57 47
    1 58 40
    1 59 36
    1 60 37
    1 61 38
    1 62 30
    1 63 43
    1 64 34
    1 65 27
    1 66 17
    1 67 14
    1 68 37
    1 69 11
    1 70 49
    1 71 15
    1 72 21
    1 73 35
    1 74 48
    1 75 44
    1 76 22
    1 77 45
    1 78 43
    1 79 42
    1 80 39
    1 81 37
    1 82 15
    1 83 35
    1 84 34
    1 85 20
    1 86 39
    1 87 29
    1 88 35
    1 89 18
    1 90 34
    1 91 44
    1 92 23
    1 93 34
    1 94 16
    1 95 28
    1 96 34
    1 97 38
    1 98 41
    1 99 41
    1 100 44
    2 1 33
    2 2 29
    2 3 46
    2 4 23
    2 5 47
    2 6 49
    2 7 11
    2 8 29
    2 9 26
    2 10 45
    2 11 39
    2 12 34
    2 13 10
    2 14 11
    2 15 38
    2 16 19
    2 17 31
    2 18 14
    2 19 39
    2 20 17
    2 21 41
    2 22 16
    2 23 27
    2 24 46
    2 25 36
    2 26 23
    2 27 11
    2 28 35
    2 29 29
    2 30 32
    2 31 25
    2 32 29
    2 33 16
    2 34 28
    2 35 12
    2 36 45
    2 37 48
    2 38 45
    2 39 12
    2 40 13
    2 41 47
    2 42 41
    2 43 38
    2 44 43
    2 45 48
    2 46 35
    2 47 10
    2 48 13
    2 49 29
    2 50 15
    2 51 50
    2 52 40
    2 53 15
    2 54 26
    2 55 25
    2 56 42
    2 57 31
    2 58 19
    2 59 18
    2 60 31
    2 61 24
    2 62 10
    2 63 24
    2 64 19
    2 65 44
    2 66 32
    2 67 13
    2 68 45
    2 69 10
    2 70 29
    2 71 34
    2 72 42
    2 73 38
    2 74 26
    2 75 40
    2 76 17
    2 77 23
    2 78 44
    2 79 17
    2 80 34
    2 81 22
    2 82 35
    2 83 38
    2 84 39
    2 85 29
    2 86 11
    2 87 11
    2 88 46
    2 89 12
    2 90 26
    2 91 27
    2 92 14
    2 93 28
    2 94 26
    2 95 32
    2 96 20
    2 97 47
    2 98 39
    2 99 22
    2 100 18
    3 1 13
    3 2 20
    3 3 35
    3 4 38
    3 5 12
    3 6 44
    3 7 41
    3 8 30
    3 9 35
    3 10 18
    3 11 18
    3 12 34
    3 13 19
    3 14 33
    3 15 11
    3 16 30
    3 17 30
    3 18 25
    3 19 13
    3 20 33
    3 21 17
    3 22 31
    3 23 10
    3 24 15
    3 25 32
    3 26 37
    3 27 11
    3 28 16
    3 29 35
    3 30 13
    3 31 44
    3 32 44
    3 33 39
    3 34 31
    3 35 29
    3 36 28
    3 37 29
    3 38 26
    3 39 31
    3 40 29
    3 41 48
    3 42 12
    3 43 24
    3 44 29
    3 45 35
    3 46 19
    3 47 13
    3 48 29
    3 49 32
    3 50 34
    3 51 30
    3 52 38
    3 53 45
    3 54 30
    3 55 15
    3 56 24
    3 57 10
    3 58 27
    3 59 23
    3 60 10
    3 61 25
    3 62 49
    3 63 39
    3 64 32
    3 65 50
    3 66 19
    3 67 46
    3 68 12
    3 69 31
    3 70 36
    3 71 33
    3 72 46
    3 73 45
    3 74 27
    3 75 22
    3 76 10
    3 77 48
    3 78 12
    3 79 41
    3 80 49
    3 81 33
    3 82 30
    3 83 38
    3 84 31
    3 85 19
    3 86 29
    3 87 41
    3 88 27
    3 89 43
    3 90 15
    3 91 20
    3 92 24
    3 93 38
    3 94 48
    3 95 39
    3 96 18
    3 97 38
    3 98 11
    3 99 45
    3 100 14
    4 1 42
    4 2 20
    4 3 23
    4 4 25
    4 5 39
    4 6 11
    4 7 12
    4 8 30
    4 9 39
    4 10 39
    4 11 44
    4 12 21
    4 13 12
    4 14 36
    4 15 25
    4 16 44
    4 17 28
    4 18 42
    4 19 41
    4 20 12
    4 21 28
    4 22 43
    4 23 49
    4 24 19
    4 25 16
    4 26 43
    4 27 33
    4 28 33
    4 29 13
    4 30 25
    4 31 42
    4 32 33
    4 33 13
    4 34 20
    4 35 12
    4 36 36
    4 37 21
    4 38 23
    4 39 48
    4 40 37
    4 41 34
    4 42 14
    4 43 47
    4 44 38
    4 45 17
    4 46 21
    4 47 33
    4 48 46
    4 49 43
    4 50 12
    4 51 44
    4 52 47
    4 53 14
    4 54 24
    4 55 10
    4 56 12
    4 57 28
    4 58 33
    4 59 42
    4 60 26
    4 61 15
    4 62 24
    4 63 26
    4 64 49
    4 65 17
    4 66 42
    4 67 46
    4 68 21
    4 69 10
    4 70 32
    4 71 36
    4 72 40
    4 73 22
    4 74 23
    4 75 27
    4 76 28
    4 77 34
    4 78 26
    4 79 37
    4 80 25
    4 81 38
    4 82 11
    4 83 30
    4 84 32
    4 85 30
    4 86 20
    4 87 17
    4 88 45
    4 89 23
    4 90 27
    4 91 40
    4 92 28
    4 93 22
    4 94 44
    4 95 40
    4 96 17
    4 97 11
    4 98 21
    4 99 41
    4 100 46
    5 1 48
    5 2 31
    5 3 17
    5 4 26
    5 5 36
    5 6 40
    5 7 37
    5 8 41
    5 9 35
    5 10 38
    5 11 27
    5 12 30
    5 13 33
    5 14 40
    5 15 14
    5 16 34
    5 17 49
    5 18 42
    5 19 40
    5 20 10
    5 21 37
    5 22 44
    5 23 35
    5 24 26
    5 25 39
    5 26 25
    5 27 20
    5 28 36
    5 29 36
    5 30 23
    5 31 30
    5 32 11
    5 33 39
    5 34 47
    5 35 48
    5 36 43
    5 37 32
    5 38 46
    5 39 42
    5 40 44
    5 41 15
    5 42 34
    5 43 48
    5 44 46
    5 45 10
    5 46 27
    5 47 47
    5 48 32
    5 49 26
    5 50 48
    5 51 18
    5 52 26
    5 53 29
    5 54 29
    5 55 30
    5 56 48
    5 57 12
    5 58 19
    5 59 37
    5 60 21
    5 61 15
    5 62 42
    5 63 38
    5 64 20
    5 65 31
    5 66 11
    5 67 36
    5 68 34
    5 69 11
    5 70 31
    5 71 39
    5 72 42
    5 73 37
    5 74 19
    5 75 34
    5 76 36
    5 77 36
    5 78 30
    5 79 49
    5 80 50
    5 81 23
    5 82 24
    5 83 29
    5 84 26
    5 85 40
    5 86 17
    5 87 21
    5 88 37
    5 89 35
    5 90 28
    5 91 14
    5 92 25
    5 93 38
    5 94 39
    5 95 46
    5 96 12
    5 97 16
    5 98 48
    5 99 23
    5 100 44
    6 1 18
    6 2 37
    6 3 23
    6 4 41
    6 5 22
    6 6 30
    6 7 18
    6 8 24
    6 9 21
    6 10 37
    6 11 16
    6 12 24
    6 13 45
    6 14 31
    6 15 40
    6 16 44
    6 17 37
    6 18 13
    6 19 38
    6 20 18
    6 21 21
    6 22 38
    6 23 50
    6 24 42
    6 25 36
    6 26 26
    6 27 24
    6 28 47
    6 29 13
    6 30 27
    6 31 27
    6 32 14
    6 33 20
    6 34 29
    6 35 20
    6 36 43
    6 37 38
    6 38 48
    6 39 45
    6 40 13
    6 41 39
    6 42 42
    6 43 21
    6 44 14
    6 45 39
    6 46 30
    6 47 36
    6 48 10
    6 49 29
    6 50 30
    6 51 23
    6 52 14
    6 53 31
    6 54 28
    6 55 14
    6 56 42
    6 57 25
    6 58 23
    6 59 22
    6 60 20
    6 61 20
    6 62 49
    6 63 36
    6 64 27
    6 65 29
    6 66 27
    6 67 11
    6 68 11
    6 69 14
    6 70 44
    6 71 11
    6 72 25
    6 73 47
    6 74 50
    6 75 45
    6 76 38
    6 77 16
    6 78 18
    6 79 11
    6 80 37
    6 81 30
    6 82 48
    6 83 35
    6 84 48
    6 85 26
    6 86 44
    6 87 33
    6 88 15
    6 89 25
    6 90 18
    6 91 40
    6 92 30
    6 93 20
    6 94 41
    6 95 14
    6 96 22
    6 97 19
    6 98 14
    6 99 50
    6 100 27
    7 1 27
    7 2 20
    7 3 30
    7 4 16
    7 5 47
    7 6 34
    7 7 27
    7 8 29
    7 9 14
    7 10 16
    7 11 19
    7 12 11
    7 13 17
    7 14 17
    7 15 44
    7 16 18
    7 17 34
    7 18 41
    7 19 46
    7 20 12
    7 21 18
    7 22 49
    7 23 31
    7 24 50
    7 25 23
    7 26 41
    7 27 19
    7 28 37
    7 29 11
    7 30 28
    7 31 23
    7 32 50
    7 33 14
    7 34 46
    7 35 28
    7 36 49
    7 37 43
    7 38 15
    7 39 17
    7 40 44
    7 41 11
    7 42 37
    7 43 43
    7 44 44
    7 45 12
    7 46 17
    7 47 15
    7 48 25
    7 49 24
    7 50 43
    7 51 45
    7 52 20
    7 53 32
    7 54 41
    7 55 25
    7 56 14
    7 57 17
    7 58 34
    7 59 43
    7 60 10
    7 61 28
    7 62 29
    7 63 13
    7 64 38
    7 65 18
    7 66 18
    7 67 22
    7 68 36
    7 69 44
    7 70 24
    7 71 22
    7 72 14
    7 73 50
    7 74 40
    7 75 39
    7 76 20
    7 77 39
    7 78 15
    7 79 26
    7 80 46
    7 81 31
    7 82 21
    7 83 37
    7 84 46
    7 85 17
    7 86 50
    7 87 43
    7 88 16
    7 89 20
    7 90 37
    7 91 49
    7 92 17
    7 93 15
    7 94 30
    7 95 15
    7 96 28
    7 97 25
    7 98 26
    7 99 49
    7 100 37
    8 1 24
    8 2 21
    8 3 39
    8 4 33
    8 5 38
    8 6 14
    8 7 21
    8 8 45
    8 9 47
    8 10 28
    8 11 30
    8 12 17
    8 13 32
    8 14 17
    8 15 41
    8 16 32
    8 17 49
    8 18 18
    8 19 19
    8 20 27
    8 21 28
    8 22 10
    8 23 15
    8 24 34
    8 25 44
    8 26 13
    8 27 19
    8 28 17
    8 29 44
    8 30 22
    8 31 33
    8 32 44
    8 33 39
    8 34 12
    8 35 21
    8 36 30
    8 37 25
    8 38 19
    8 39 13
    8 40 44
    8 41 27
    8 42 41
    8 43 12
    8 44 36
    8 45 29
    8 46 23
    8 47 12
    8 48 26
    8 49 44
    8 50 19
    8 51 46
    8 52 16
    8 53 25
    8 54 29
    8 55 16
    8 56 13
    8 57 28
    8 58 47
    8 59 48
    8 60 40
    8 61 28
    8 62 34
    8 63 36
    8 64 32
    8 65 28
    8 66 16
    8 67 35
    8 68 15
    8 69 47
    8 70 19
    8 71 16
    8 72 39
    8 73 17
    8 74 47
    8 75 33
    8 76 34
    8 77 48
    8 78 15
    8 79 39
    8 80 49
    8 81 46
    8 82 14
    8 83 45
    8 84 33
    8 85 17
    8 86 32
    8 87 16
    8 88 48
    8 89 46
    8 90 49
    8 91 37
    8 92 50
    8 93 35
    8 94 32
    8 95 12
    8 96 32
    8 97 15
    8 98 17
    8 99 20
    8 100 38
    9 1 40
    9 2 10
    9 3 42
    9 4 33
    9 5 15
    9 6 49
    9 7 25
    9 8 25
    9 9 15
    9 10 43
    9 11 20
    9 12 21
    9 13 18
    9 14 12
    9 15 11
    9 16 44
    9 17 35
    9 18 30
    9 19 37
    9 20 49
    9 21 18
    9 22 26
    9 23 37
    9 24 39
    9 25 26
    9 26 19
    9 27 10
    9 28 15
    9 29 29
    9 30 50
    9 31 30
    9 32 22
    9 33 47
    9 34 17
    9 35 38
    9 36 46
    9 37 26
    9 38 19
    9 39 36
    9 40 22
    9 41 48
    9 42 20
    9 43 33
    9 44 45
    9 45 13
    9 46 32
    9 47 19
    9 48 16
    9 49 10
    9 50 21
    9 51 30
    9 52 25
    9 53 31
    9 54 36
    9 55 11
    9 56 38
    9 57 24
    9 58 26
    9 59 13
    9 60 11
    9 61 21
    9 62 36
    9 63 33
    9 64 16
    9 65 12
    9 66 12
    9 67 44
    9 68 36
    9 69 17
    9 70 16
    9 71 27
    9 72 34
    9 73 38
    9 74 13
    9 75 47
    9 76 39
    9 77 43
    9 78 21
    9 79 10
    9 80 36
    9 81 22
    9 82 33
    9 83 45
    9 84 47
    9 85 14
    9 86 22
    9 87 40
    9 88 37
    9 89 40
    9 90 32
    9 91 14
    9 92 29
    9 93 25
    9 94 29
    9 95 30
    9 96 24
    9 97 27
    9 98 37
    9 99 34
    9 100 23
    10 1 38
    10 2 32
    10 3 33
    10 4 29
    10 5 28
    10 6 37
    10 7 42
    10 8 19
    10 9 44
    10 10 15
    10 11 45
    10 12 25
    10 13 10
    10 14 41
    10 15 20
    10 16 41
    10 17 20
    10 18 17
    10 19 33
    10 20 24
    10 21 23
    10 22 46
    10 23 26
    10 24 14
    10 25 40
    10 26 49
    10 27 16
    10 28 49
    10 29 44
    10 30 41
    10 31 37
    10 32 43
    10 33 25
    10 34 20
    10 35 42
    10 36 17
    10 37 43
    10 38 11
    10 39 16
    10 40 24
    10 41 37
    10 42 20
    10 43 12
    10 44 27
    10 45 22
    10 46 49
    10 47 33
    10 48 33
    10 49 25
    10 50 24
    10 51 15
    10 52 27
    10 53 32
    10 54 22
    10 55 30
    10 56 15
    10 57 29
    10 58 44
    10 59 20
    10 60 11
    10 61 39
    10 62 45
    10 63 14
    10 64 32
    10 65 36
    10 66 30
    10 67 36
    10 68 45
    10 69 48
    10 70 10
    10 71 21
    10 72 28
    10 73 47
    10 74 49
    10 75 41
    10 76 44
    10 77 44
    10 78 11
    10 79 11
    10 80 29
    10 81 50
    10 82 13
    10 83 48
    10 84 32
    10 85 25
    10 86 29
    10 87 23
    10 88 13
    10 89 40
    10 90 13
    10 91 24
    10 92 34
    10 93 13
    10 94 14
    10 95 21
    10 96 23
    10 97 12
    10 98 36
    10 99 31
    10 100 36
    11 1 36
    11 2 11
    11 3 39
    11 4 25
    11 5 21
    11 6 43
    11 7 48
    11 8 34
    11 9 49
    11 10 31
    11 11 17
    11 12 12
    11 13 38
    11 14 44
    11 15 21
    11 16 23
    11 17 25
    11 18 41
    11 19 16
    11 20 14
    11 21 40
    11 22 44
    11 23 46
    11 24 34
    11 25 31
    11 26 28
    11 27 47
    11 28 31
    11 29 22
    11 30 21
    11 31 38
    11 32 36
    11 33 23
    11 34 25
    11 35 27
    11 36 28
    11 37 33
    11 38 35
    11 39 27
    11 40 37
    11 41 34
    11 42 38
    11 43 47
    11 44 24
    11 45 18
    11 46 25
    11 47 23
    11 48 24
    11 49 41
    11 50 18
    11 51 36
    11 52 40
    11 53 45
    11 54 29
    11 55 13
    11 56 11
    11 57 20
    11 58 31
    11 59 15
    11 60 46
    11 61 13
    11 62 19
    11 63 18
    11 64 47
    11 65 48
    11 66 49
    11 67 38
    11 68 28
    11 69 38
    11 70 23
    11 71 47
    11 72 10
    11 73 17
    11 74 32
    11 75 30
    11 76 48
    11 77 22
    11 78 33
    11 79 14
    11 80 18
    11 81 22
    11 82 36
    11 83 38
    11 84 10
    11 85 31
    11 86 35
    11 87 11
    11 88 44
    11 89 12
    11 90 36
    11 91 22
    11 92 39
    11 93 21
    11 94 31
    11 95 10
    11 96 30
    11 97 11
    11 98 28
    11 99 16
    11 100 36
    12 1 34
    12 2 17
    12 3 46
    12 4 32
    12 5 45
    12 6 42
    12 7 30
    12 8 41
    12 9 45
    12 10 34
    12 11 29
    12 12 25
    12 13 23
    12 14 33
    12 15 35
    12 16 25
    12 17 21
    12 18 14
    12 19 37
    12 20 45
    12 21 24
    12 22 47
    12 23 17
    12 24 40
    12 25 42
    12 26 27
    12 27 47
    12 28 27
    12 29 42
    12 30 17
    12 31 42
    12 32 40
    12 33 26
    12 34 34
    12 35 39
    12 36 14
    12 37 23
    12 38 44
    12 39 46
    12 40 23
    12 41 46
    12 42 42
    12 43 13
    12 44 24
    12 45 43
    12 46 18
    12 47 13
    12 48 43
    12 49 40
    12 50 48
    12 51 43
    12 52 50
    12 53 13
    12 54 14
    12 55 48
    12 56 16
    12 57 36
    12 58 26
    12 59 29
    12 60 37
    12 61 50
    12 62 21
    12 63 47
    12 64 49
    12 65 21
    12 66 20
    12 67 35
    12 68 32
    12 69 43
    12 70 45
    12 71 47
    12 72 33
    12 73 27
    12 74 41
    12 75 31
    12 76 36
    12 77 24
    12 78 32
    12 79 12
    12 80 41
    12 81 36
    12 82 27
    12 83 12
    12 84 11
    12 85 45
    12 86 40
    12 87 49
    12 88 35
    12 89 50
    12 90 15
    12 91 17
    12 92 16
    12 93 48
    12 94 33
    12 95 16
    12 96 48
    12 97 29
    12 98 10
    12 99 36
    12 100 39
    13 1 19
    13 2 39
    13 3 18
    13 4 45
    13 5 37
    13 6 22
    13 7 15
    13 8 36
    13 9 11
    13 10 18
    13 11 46
    13 12 15
    13 13 41
    13 14 11
    13 15 45
    13 16 43
    13 17 45
    13 18 11
    13 19 12
    13 20 21
    13 21 50
    13 22 31
    13 23 23
    13 24 44
    13 25 34
    13 26 32
    13 27 32
    13 28 43
    13 29 24
    13 30 48
    13 31 36
    13 32 25
    13 33 11
    13 34 50
    13 35 39
    13 36 14
    13 37 45
    13 38 27
    13 39 17
    13 40 41
    13 41 35
    13 42 35
    13 43 20
    13 44 19
    13 45 13
    13 46 27
    13 47 33
    13 48 14
    13 49 42
    13 50 47
    13 51 26
    13 52 40
    13 53 10
    13 54 40
    13 55 13
    13 56 32
    13 57 31
    13 58 29
    13 59 28
    13 60 18
    13 61 25
    13 62 24
    13 63 26
    13 64 21
    13 65 21
    13 66 50
    13 67 42
    13 68 36
    13 69 24
    13 70 24
    13 71 39
    13 72 24
    13 73 29
    13 74 46
    13 75 16
    13 76 49
    13 77 32
    13 78 33
    13 79 23
    13 80 35
    13 81 13
    13 82 13
    13 83 27
    13 84 14
    13 85 26
    13 86 14
    13 87 28
    13 88 17
    13 89 43
    13 90 24
    13 91 31
    13 92 15
    13 93 14
    13 94 43
    13 95 29
    13 96 15
    13 97 36
    13 98 39
    13 99 11
    13 100 20
    14 1 34
    14 2 34
    14 3 37
    14 4 42
    14 5 29
    14 6 44
    14 7 50
    14 8 33
    14 9 20
    14 10 33
    14 11 15
    14 12 12
    14 13 36
    14 14 47
    14 15 49
    14 16 45
    14 17 38
    14 18 17
    14 19 19
    14 20 32
    14 21 19
    14 22 43
    14 23 43
    14 24 17
    14 25 16
    14 26 10
    14 27 21
    14 28 36
    14 29 24
    14 30 49
    14 31 30
    14 32 20
    14 33 15
    14 34 41
    14 35 41
    14 36 24
    14 37 17
    14 38 10
    14 39 27
    14 40 45
    14 41 26
    14 42 42
    14 43 44
    14 44 14
    14 45 10
    14 46 29
    14 47 19
    14 48 13
    14 49 29
    14 50 40
    14 51 14
    14 52 28
    14 53 13
    14 54 22
    14 55 39
    14 56 23
    14 57 22
    14 58 49
    14 59 13
    14 60 29
    14 61 19
    14 62 15
    14 63 29
    14 64 24
    14 65 35
    14 66 42
    14 67 36
    14 68 23
    14 69 39
    14 70 36
    14 71 31
    14 72 12
    14 73 22
    14 74 43
    14 75 14
    14 76 27
    14 77 24
    14 78 35
    14 79 37
    14 80 18
    14 81 26
    14 82 43
    14 83 36
    14 84 35
    14 85 21
    14 86 48
    14 87 49
    14 88 12
    14 89 24
    14 90 43
    14 91 10
    14 92 19
    14 93 41
    14 94 28
    14 95 37
    14 96 43
    14 97 41
    14 98 42
    14 99 39
    14 100 48
    15 1 40
    15 2 42
    15 3 39
    15 4 45
    15 5 22
    15 6 27
    15 7 30
    15 8 34
    15 9 26
    15 10 46
    15 11 17
    15 12 18
    15 13 20
    15 14 35
    15 15 17
    15 16 42
    15 17 22
    15 18 32
    15 19 33
    15 20 23
    15 21 19
    15 22 50
    15 23 11
    15 24 31
    15 25 49
    15 26 42
    15 27 14
    15 28 21
    15 29 25
    15 30 13
    15 31 23
    15 32 27
    15 33 35
    15 34 13
    15 35 38
    15 36 30
    15 37 46
    15 38 36
    15 39 25
    15 40 18
    15 41 28
    15 42 30
    15 43 49
    15 44 30
    15 45 47
    15 46 34
    15 47 47
    15 48 38
    15 49 21
    15 50 38
    15 51 50
    15 52 31
    15 53 49
    15 54 14
    15 55 46
    15 56 47
    15 57 28
    15 58 41
    15 59 17
    15 60 47
    15 61 26
    15 62 19
    15 63 32
    15 64 49
    15 65 18
    15 66 50
    15 67 33
    15 68 32
    15 69 34
    15 70 37
    15 71 49
    15 72 43
    15 73 28
    15 74 29
    15 75 32
    15 76 49
    15 77 24
    15 78 26
    15 79 48
    15 80 49
    15 81 47
    15 82 38
    15 83 50
    15 84 32
    15 85 36
    15 86 50
    15 87 21
    15 88 48
    15 89 27
    15 90 39
    15 91 33
    15 92 25
    15 93 44
    15 94 49
    15 95 25
    15 96 38
    15 97 50
    15 98 35
    15 99 40
    15 100 17
    16 1 15
    16 2 50
    16 3 22
    16 4 48
    16 5 48
    16 6 30
    16 7 43
    16 8 50
    16 9 35
    16 10 47
    16 11 14
    16 12 19
    16 13 28
    16 14 30
    16 15 35
    16 16 39
    16 17 31
    16 18 39
    16 19 36
    16 20 13
    16 21 39
    16 22 39
    16 23 24
    16 24 39
    16 25 41
    16 26 23
    16 27 36
    16 28 39
    16 29 13
    16 30 45
    16 31 10
    16 32 48
    16 33 18
    16 34 20
    16 35 23
    16 36 11
    16 37 49
    16 38 50
    16 39 11
    16 40 24
    16 41 45
    16 42 19
    16 43 18
    16 44 15
    16 45 43
    16 46 45
    16 47 24
    16 48 46
    16 49 44
    16 50 32
    16 51 23
    16 52 43
    16 53 39
    16 54 31
    16 55 48
    16 56 30
    16 57 27
    16 58 29
    16 59 10
    16 60 16
    16 61 16
    16 62 21
    16 63 29
    16 64 46
    16 65 38
    16 66 24
    16 67 42
    16 68 34
    16 69 20
    16 70 11
    16 71 39
    16 72 25
    16 73 23
    16 74 36
    16 75 42
    16 76 17
    16 77 29
    16 78 19
    16 79 50
    16 80 23
    16 81 11
    16 82 10
    16 83 31
    16 84 35
    16 85 28
    16 86 35
    16 87 12
    16 88 41
    16 89 14
    16 90 46
    16 91 10
    16 92 12
    16 93 29
    16 94 16
    16 95 34
    16 96 33
    16 97 31
    16 98 25
    16 99 21
    16 100 11
    17 1 15
    17 2 32
    17 3 44
    17 4 43
    17 5 24
    17 6 40
    17 7 22
    17 8 50
    17 9 29
    17 10 38
    17 11 35
    17 12 43
    17 13 33
    17 14 41
    17 15 19
    17 16 44
    17 17 29
    17 18 19
    17 19 42
    17 20 10
    17 21 16
    17 22 16
    17 23 48
    17 24 28
    17 25 46
    17 26 31
    17 27 17
    17 28 49
    17 29 39
    17 30 37
    17 31 19
    17 32 40
    17 33 28
    17 34 12
    17 35 36
    17 36 47
    17 37 25
    17 38 19
    17 39 11
    17 40 10
    17 41 30
    17 42 18
    17 43 40
    17 44 31
    17 45 11
    17 46 42
    17 47 22
    17 48 47
    17 49 10
    17 50 21
    17 51 35
    17 52 18
    17 53 13
    17 54 17
    17 55 11
    17 56 22
    17 57 46
    17 58 14
    17 59 25
    17 60 30
    17 61 27
    17 62 42
    17 63 47
    17 64 12
    17 65 38
    17 66 45
    17 67 40
    17 68 25
    17 69 47
    17 70 14
    17 71 13
    17 72 41
    17 73 42
    17 74 22
    17 75 17
    17 76 18
    17 77 14
    17 78 19
    17 79 28
    17 80 16
    17 81 43
    17 82 26
    17 83 21
    17 84 41
    17 85 28
    17 86 10
    17 87 23
    17 88 34
    17 89 31
    17 90 25
    17 91 36
    17 92 16
    17 93 45
    17 94 28
    17 95 29
    17 96 24
    17 97 49
    17 98 49
    17 99 12
    17 100 24
    18 1 34
    18 2 33
    18 3 26
    18 4 37
    18 5 19
    18 6 24
    18 7 12
    18 8 49
    18 9 32
    18 10 27
    18 11 18
    18 12 45
    18 13 21
    18 14 50
    18 15 47
    18 16 35
    18 17 48
    18 18 50
    18 19 38
    18 20 21
    18 21 27
    18 22 30
    18 23 44
    18 24 21
    18 25 23
    18 26 37
    18 27 45
    18 28 46
    18 29 47
    18 30 14
    18 31 47
    18 32 30
    18 33 15
    18 34 50
    18 35 43
    18 36 15
    18 37 19
    18 38 23
    18 39 48
    18 40 30
    18 41 18
    18 42 10
    18 43 10
    18 44 24
    18 45 24
    18 46 15
    18 47 49
    18 48 15
    18 49 21
    18 50 34
    18 51 46
    18 52 18
    18 53 44
    18 54 24
    18 55 16
    18 56 41
    18 57 20
    18 58 35
    18 59 47
    18 60 48
    18 61 43
    18 62 40
    18 63 48
    18 64 46
    18 65 22
    18 66 11
    18 67 49
    18 68 33
    18 69 44
    18 70 10
    18 71 35
    18 72 44
    18 73 13
    18 74 41
    18 75 11
    18 76 45
    18 77 35
    18 78 34
    18 79 20
    18 80 15
    18 81 24
    18 82 34
    18 83 27
    18 84 21
    18 85 34
    18 86 32
    18 87 13
    18 88 48
    18 89 15
    18 90 40
    18 91 21
    18 92 41
    18 93 31
    18 94 10
    18 95 14
    18 96 16
    18 97 12
    18 98 31
    18 99 24
    18 100 23
    19 1 37
    19 2 45
    19 3 22
    19 4 34
    19 5 17
    19 6 40
    19 7 26
    19 8 35
    19 9 18
    19 10 48
    19 11 49
    19 12 49
    19 13 13
    19 14 48
    19 15 42
    19 16 24
    19 17 15
    19 18 26
    19 19 30
    19 20 34
    19 21 33
    19 22 37
    19 23 27
    19 24 32
    19 25 30
    19 26 42
    19 27 41
    19 28 21
    19 29 25
    19 30 32
    19 31 21
    19 32 38
    19 33 50
    19 34 12
    19 35 32
    19 36 42
    19 37 37
    19 38 16
    19 39 10
    19 40 42
    19 41 46
    19 42 25
    19 43 31
    19 44 24
    19 45 32
    19 46 41
    19 47 17
    19 48 17
    19 49 29
    19 50 50
    19 51 34
    19 52 11
    19 53 19
    19 54 20
    19 55 41
    19 56 29
    19 57 41
    19 58 39
    19 59 32
    19 60 44
    19 61 23
    19 62 26
    19 63 50
    19 64 10
    19 65 33
    19 66 31
    19 67 19
    19 68 48
    19 69 41
    19 70 29
    19 71 36
    19 72 32
    19 73 50
    19 74 47
    19 75 44
    19 76 34
    19 77 45
    19 78 32
    19 79 40
    19 80 34
    19 81 19
    19 82 12
    19 83 48
    19 84 49
    19 85 47
    19 86 33
    19 87 27
    19 88 37
    19 89 50
    19 90 13
    19 91 30
    19 92 41
    19 93 14
    19 94 32
    19 95 28
    19 96 30
    19 97 45
    19 98 46
    19 99 32
    19 100 10
    20 1 43
    20 2 26
    20 3 47
    20 4 11
    20 5 27
    20 6 17
    20 7 13
    20 8 26
    20 9 19
    20 10 43
    20 11 26
    20 12 22
    20 13 35
    20 14 14
    20 15 28
    20 16 34
    20 17 30
    20 18 46
    20 19 28
    20 20 20
    20 21 25
    20 22 47
    20 23 49
    20 24 31
    20 25 50
    20 26 39
    20 27 32
    20 28 26
    20 29 45
    20 30 29
    20 31 13
    20 32 28
    20 33 19
    20 34 43
    20 35 20
    20 36 22
    20 37 42
    20 38 34
    20 39 40
    20 40 47
    20 41 11
    20 42 28
    20 43 48
    20 44 10
    20 45 27
    20 46 22
    20 47 22
    20 48 35
    20 49 49
    20 50 40
    20 51 40
    20 52 23
    20 53 42
    20 54 10
    20 55 36
    20 56 11
    20 57 24
    20 58 46
    20 59 10
    20 60 48
    20 61 16
    20 62 24
    20 63 40
    20 64 16
    20 65 33
    20 66 45
    20 67 50
    20 68 29
    20 69 16
    20 70 21
    20 71 40
    20 72 44
    20 73 36
    20 74 29
    20 75 10
    20 76 27
    20 77 13
    20 78 35
    20 79 15
    20 80 17
    20 81 24
    20 82 46
    20 83 50
    20 84 47
    20 85 35
    20 86 42
    20 87 32
    20 88 38
    20 89 36
    20 90 17
    20 91 24
    20 92 19
    20 93 48
    20 94 22
    20 95 42
    20 96 32
    20 97 25
    20 98 46
    20 99 18
    20 100 32;
param a := 
    1 1 10
    1 2 6
    1 3 8
    1 4 22
    1 5 20
    1 6 24
    1 7 18
    1 8 18
    1 9 25
    1 10 14
    1 11 20
    1 12 10
    1 13 18
    1 14 24
    1 15 17
    1 16 21
    1 17 5
    1 18 16
    1 19 14
    1 20 6
    1 21 9
    1 22 11
    1 23 7
    1 24 21
    1 25 20
    1 26 5
    1 27 14
    1 28 14
    1 29 7
    1 30 12
    1 31 24
    1 32 12
    1 33 10
    1 34 21
    1 35 19
    1 36 13
    1 37 21
    1 38 6
    1 39 13
    1 40 19
    1 41 6
    1 42 12
    1 43 19
    1 44 20
    1 45 7
    1 46 8
    1 47 13
    1 48 24
    1 49 16
    1 50 5
    1 51 23
    1 52 22
    1 53 6
    1 54 11
    1 55 23
    1 56 11
    1 57 13
    1 58 24
    1 59 6
    1 60 6
    1 61 12
    1 62 23
    1 63 10
    1 64 7
    1 65 18
    1 66 16
    1 67 13
    1 68 13
    1 69 22
    1 70 6
    1 71 7
    1 72 19
    1 73 25
    1 74 5
    1 75 21
    1 76 21
    1 77 16
    1 78 8
    1 79 8
    1 80 5
    1 81 18
    1 82 9
    1 83 14
    1 84 8
    1 85 11
    1 86 15
    1 87 15
    1 88 19
    1 89 11
    1 90 18
    1 91 8
    1 92 19
    1 93 14
    1 94 16
    1 95 18
    1 96 7
    1 97 19
    1 98 17
    1 99 16
    1 100 21
    2 1 23
    2 2 15
    2 3 11
    2 4 5
    2 5 11
    2 6 13
    2 7 24
    2 8 21
    2 9 18
    2 10 10
    2 11 14
    2 12 24
    2 13 24
    2 14 18
    2 15 18
    2 16 20
    2 17 5
    2 18 17
    2 19 13
    2 20 24
    2 21 23
    2 22 7
    2 23 15
    2 24 6
    2 25 17
    2 26 8
    2 27 5
    2 28 7
    2 29 10
    2 30 20
    2 31 20
    2 32 25
    2 33 6
    2 34 7
    2 35 13
    2 36 9
    2 37 8
    2 38 7
    2 39 15
    2 40 18
    2 41 10
    2 42 21
    2 43 20
    2 44 12
    2 45 15
    2 46 14
    2 47 9
    2 48 21
    2 49 13
    2 50 16
    2 51 5
    2 52 24
    2 53 5
    2 54 21
    2 55 5
    2 56 12
    2 57 9
    2 58 24
    2 59 12
    2 60 25
    2 61 22
    2 62 16
    2 63 5
    2 64 21
    2 65 20
    2 66 25
    2 67 17
    2 68 17
    2 69 11
    2 70 18
    2 71 7
    2 72 20
    2 73 9
    2 74 17
    2 75 11
    2 76 7
    2 77 8
    2 78 19
    2 79 10
    2 80 21
    2 81 20
    2 82 14
    2 83 12
    2 84 17
    2 85 10
    2 86 25
    2 87 6
    2 88 5
    2 89 18
    2 90 5
    2 91 11
    2 92 13
    2 93 15
    2 94 12
    2 95 17
    2 96 17
    2 97 9
    2 98 11
    2 99 24
    2 100 15
    3 1 5
    3 2 5
    3 3 22
    3 4 23
    3 5 18
    3 6 15
    3 7 13
    3 8 25
    3 9 10
    3 10 24
    3 11 12
    3 12 24
    3 13 15
    3 14 18
    3 15 15
    3 16 20
    3 17 21
    3 18 17
    3 19 13
    3 20 10
    3 21 17
    3 22 6
    3 23 16
    3 24 8
    3 25 23
    3 26 9
    3 27 9
    3 28 9
    3 29 24
    3 30 16
    3 31 12
    3 32 12
    3 33 11
    3 34 6
    3 35 5
    3 36 13
    3 37 16
    3 38 18
    3 39 25
    3 40 17
    3 41 21
    3 42 17
    3 43 10
    3 44 18
    3 45 7
    3 46 19
    3 47 9
    3 48 8
    3 49 11
    3 50 11
    3 51 25
    3 52 16
    3 53 16
    3 54 20
    3 55 14
    3 56 23
    3 57 9
    3 58 22
    3 59 21
    3 60 24
    3 61 13
    3 62 13
    3 63 18
    3 64 14
    3 65 18
    3 66 13
    3 67 13
    3 68 5
    3 69 7
    3 70 14
    3 71 22
    3 72 18
    3 73 9
    3 74 22
    3 75 9
    3 76 6
    3 77 9
    3 78 13
    3 79 10
    3 80 20
    3 81 6
    3 82 17
    3 83 9
    3 84 24
    3 85 12
    3 86 6
    3 87 11
    3 88 10
    3 89 12
    3 90 18
    3 91 20
    3 92 14
    3 93 12
    3 94 21
    3 95 12
    3 96 5
    3 97 8
    3 98 10
    3 99 5
    3 100 6
    4 1 19
    4 2 13
    4 3 20
    4 4 21
    4 5 21
    4 6 12
    4 7 18
    4 8 17
    4 9 14
    4 10 20
    4 11 7
    4 12 9
    4 13 6
    4 14 16
    4 15 22
    4 16 22
    4 17 22
    4 18 9
    4 19 8
    4 20 23
    4 21 20
    4 22 23
    4 23 19
    4 24 5
    4 25 13
    4 26 20
    4 27 25
    4 28 11
    4 29 17
    4 30 17
    4 31 10
    4 32 8
    4 33 17
    4 34 12
    4 35 8
    4 36 17
    4 37 7
    4 38 22
    4 39 13
    4 40 9
    4 41 18
    4 42 25
    4 43 7
    4 44 9
    4 45 21
    4 46 5
    4 47 23
    4 48 9
    4 49 23
    4 50 17
    4 51 6
    4 52 13
    4 53 14
    4 54 13
    4 55 19
    4 56 12
    4 57 15
    4 58 18
    4 59 21
    4 60 16
    4 61 8
    4 62 7
    4 63 22
    4 64 15
    4 65 11
    4 66 12
    4 67 15
    4 68 20
    4 69 17
    4 70 13
    4 71 21
    4 72 11
    4 73 17
    4 74 16
    4 75 16
    4 76 16
    4 77 11
    4 78 16
    4 79 22
    4 80 15
    4 81 15
    4 82 21
    4 83 20
    4 84 11
    4 85 5
    4 86 22
    4 87 6
    4 88 16
    4 89 13
    4 90 6
    4 91 23
    4 92 24
    4 93 23
    4 94 10
    4 95 22
    4 96 21
    4 97 13
    4 98 16
    4 99 5
    4 100 19
    5 1 7
    5 2 7
    5 3 10
    5 4 22
    5 5 12
    5 6 6
    5 7 13
    5 8 22
    5 9 12
    5 10 14
    5 11 12
    5 12 17
    5 13 22
    5 14 18
    5 15 23
    5 16 9
    5 17 20
    5 18 16
    5 19 18
    5 20 10
    5 21 10
    5 22 20
    5 23 11
    5 24 17
    5 25 7
    5 26 9
    5 27 20
    5 28 6
    5 29 17
    5 30 13
    5 31 19
    5 32 25
    5 33 10
    5 34 18
    5 35 20
    5 36 6
    5 37 23
    5 38 14
    5 39 18
    5 40 20
    5 41 8
    5 42 18
    5 43 17
    5 44 21
    5 45 6
    5 46 10
    5 47 24
    5 48 17
    5 49 12
    5 50 16
    5 51 13
    5 52 16
    5 53 7
    5 54 18
    5 55 22
    5 56 19
    5 57 6
    5 58 20
    5 59 10
    5 60 24
    5 61 16
    5 62 18
    5 63 15
    5 64 7
    5 65 6
    5 66 12
    5 67 13
    5 68 23
    5 69 13
    5 70 21
    5 71 24
    5 72 21
    5 73 19
    5 74 25
    5 75 5
    5 76 24
    5 77 15
    5 78 23
    5 79 9
    5 80 23
    5 81 11
    5 82 18
    5 83 20
    5 84 5
    5 85 8
    5 86 5
    5 87 7
    5 88 9
    5 89 12
    5 90 14
    5 91 16
    5 92 15
    5 93 7
    5 94 6
    5 95 8
    5 96 15
    5 97 10
    5 98 15
    5 99 24
    5 100 17
    6 1 8
    6 2 13
    6 3 24
    6 4 18
    6 5 12
    6 6 21
    6 7 12
    6 8 11
    6 9 16
    6 10 25
    6 11 24
    6 12 17
    6 13 17
    6 14 11
    6 15 14
    6 16 19
    6 17 20
    6 18 11
    6 19 19
    6 20 11
    6 21 9
    6 22 19
    6 23 6
    6 24 9
    6 25 11
    6 26 23
    6 27 10
    6 28 18
    6 29 7
    6 30 21
    6 31 8
    6 32 24
    6 33 14
    6 34 21
    6 35 5
    6 36 21
    6 37 9
    6 38 10
    6 39 21
    6 40 19
    6 41 19
    6 42 11
    6 43 7
    6 44 6
    6 45 22
    6 46 20
    6 47 17
    6 48 6
    6 49 8
    6 50 7
    6 51 24
    6 52 25
    6 53 17
    6 54 14
    6 55 16
    6 56 6
    6 57 7
    6 58 11
    6 59 10
    6 60 23
    6 61 16
    6 62 24
    6 63 12
    6 64 7
    6 65 20
    6 66 20
    6 67 15
    6 68 21
    6 69 25
    6 70 10
    6 71 20
    6 72 10
    6 73 15
    6 74 22
    6 75 16
    6 76 19
    6 77 8
    6 78 24
    6 79 17
    6 80 6
    6 81 25
    6 82 11
    6 83 5
    6 84 9
    6 85 23
    6 86 13
    6 87 10
    6 88 17
    6 89 19
    6 90 25
    6 91 13
    6 92 16
    6 93 6
    6 94 6
    6 95 8
    6 96 22
    6 97 15
    6 98 10
    6 99 14
    6 100 6
    7 1 24
    7 2 13
    7 3 6
    7 4 20
    7 5 19
    7 6 18
    7 7 5
    7 8 22
    7 9 13
    7 10 13
    7 11 10
    7 12 8
    7 13 20
    7 14 24
    7 15 24
    7 16 25
    7 17 9
    7 18 7
    7 19 16
    7 20 18
    7 21 9
    7 22 16
    7 23 23
    7 24 5
    7 25 19
    7 26 12
    7 27 15
    7 28 12
    7 29 13
    7 30 14
    7 31 24
    7 32 6
    7 33 22
    7 34 25
    7 35 23
    7 36 11
    7 37 24
    7 38 7
    7 39 6
    7 40 21
    7 41 24
    7 42 19
    7 43 18
    7 44 10
    7 45 6
    7 46 12
    7 47 18
    7 48 8
    7 49 7
    7 50 18
    7 51 12
    7 52 19
    7 53 25
    7 54 7
    7 55 18
    7 56 17
    7 57 7
    7 58 13
    7 59 19
    7 60 9
    7 61 8
    7 62 21
    7 63 17
    7 64 10
    7 65 8
    7 66 5
    7 67 20
    7 68 17
    7 69 8
    7 70 23
    7 71 5
    7 72 22
    7 73 18
    7 74 20
    7 75 11
    7 76 20
    7 77 21
    7 78 7
    7 79 22
    7 80 20
    7 81 25
    7 82 25
    7 83 21
    7 84 15
    7 85 15
    7 86 22
    7 87 14
    7 88 15
    7 89 18
    7 90 20
    7 91 12
    7 92 16
    7 93 17
    7 94 23
    7 95 9
    7 96 25
    7 97 25
    7 98 11
    7 99 15
    7 100 18
    8 1 12
    8 2 19
    8 3 8
    8 4 10
    8 5 9
    8 6 13
    8 7 5
    8 8 13
    8 9 19
    8 10 22
    8 11 6
    8 12 16
    8 13 15
    8 14 18
    8 15 13
    8 16 15
    8 17 8
    8 18 6
    8 19 5
    8 20 5
    8 21 5
    8 22 14
    8 23 14
    8 24 24
    8 25 17
    8 26 17
    8 27 10
    8 28 18
    8 29 24
    8 30 11
    8 31 10
    8 32 6
    8 33 16
    8 34 17
    8 35 17
    8 36 10
    8 37 19
    8 38 9
    8 39 24
    8 40 17
    8 41 21
    8 42 17
    8 43 21
    8 44 12
    8 45 8
    8 46 5
    8 47 7
    8 48 14
    8 49 18
    8 50 16
    8 51 21
    8 52 12
    8 53 22
    8 54 15
    8 55 12
    8 56 13
    8 57 6
    8 58 25
    8 59 5
    8 60 15
    8 61 8
    8 62 8
    8 63 19
    8 64 23
    8 65 22
    8 66 23
    8 67 8
    8 68 25
    8 69 23
    8 70 13
    8 71 16
    8 72 6
    8 73 6
    8 74 15
    8 75 9
    8 76 7
    8 77 5
    8 78 8
    8 79 5
    8 80 17
    8 81 18
    8 82 6
    8 83 8
    8 84 18
    8 85 6
    8 86 13
    8 87 19
    8 88 16
    8 89 10
    8 90 11
    8 91 20
    8 92 22
    8 93 17
    8 94 21
    8 95 16
    8 96 17
    8 97 14
    8 98 25
    8 99 19
    8 100 19
    9 1 6
    9 2 25
    9 3 19
    9 4 7
    9 5 19
    9 6 25
    9 7 15
    9 8 15
    9 9 19
    9 10 21
    9 11 20
    9 12 19
    9 13 22
    9 14 19
    9 15 12
    9 16 6
    9 17 12
    9 18 16
    9 19 14
    9 20 9
    9 21 9
    9 22 7
    9 23 13
    9 24 25
    9 25 16
    9 26 22
    9 27 8
    9 28 9
    9 29 21
    9 30 16
    9 31 21
    9 32 13
    9 33 11
    9 34 15
    9 35 16
    9 36 13
    9 37 23
    9 38 17
    9 39 17
    9 40 10
    9 41 11
    9 42 13
    9 43 7
    9 44 25
    9 45 9
    9 46 21
    9 47 11
    9 48 19
    9 49 24
    9 50 24
    9 51 6
    9 52 25
    9 53 11
    9 54 7
    9 55 23
    9 56 7
    9 57 7
    9 58 18
    9 59 5
    9 60 8
    9 61 10
    9 62 16
    9 63 23
    9 64 10
    9 65 5
    9 66 15
    9 67 18
    9 68 8
    9 69 25
    9 70 9
    9 71 9
    9 72 7
    9 73 20
    9 74 9
    9 75 15
    9 76 7
    9 77 19
    9 78 21
    9 79 24
    9 80 18
    9 81 17
    9 82 12
    9 83 9
    9 84 19
    9 85 22
    9 86 9
    9 87 23
    9 88 13
    9 89 22
    9 90 10
    9 91 6
    9 92 12
    9 93 12
    9 94 5
    9 95 11
    9 96 12
    9 97 12
    9 98 5
    9 99 22
    9 100 25
    10 1 13
    10 2 24
    10 3 5
    10 4 20
    10 5 12
    10 6 8
    10 7 12
    10 8 10
    10 9 12
    10 10 14
    10 11 25
    10 12 24
    10 13 22
    10 14 10
    10 15 23
    10 16 21
    10 17 11
    10 18 17
    10 19 25
    10 20 7
    10 21 23
    10 22 15
    10 23 16
    10 24 8
    10 25 19
    10 26 13
    10 27 8
    10 28 19
    10 29 5
    10 30 24
    10 31 13
    10 32 6
    10 33 17
    10 34 24
    10 35 16
    10 36 22
    10 37 7
    10 38 23
    10 39 18
    10 40 5
    10 41 12
    10 42 19
    10 43 25
    10 44 18
    10 45 18
    10 46 23
    10 47 16
    10 48 6
    10 49 10
    10 50 19
    10 51 16
    10 52 11
    10 53 7
    10 54 22
    10 55 6
    10 56 13
    10 57 25
    10 58 8
    10 59 14
    10 60 10
    10 61 13
    10 62 20
    10 63 23
    10 64 25
    10 65 10
    10 66 20
    10 67 6
    10 68 25
    10 69 19
    10 70 19
    10 71 19
    10 72 14
    10 73 25
    10 74 20
    10 75 11
    10 76 18
    10 77 17
    10 78 6
    10 79 22
    10 80 23
    10 81 12
    10 82 25
    10 83 22
    10 84 6
    10 85 23
    10 86 14
    10 87 16
    10 88 15
    10 89 5
    10 90 8
    10 91 5
    10 92 6
    10 93 11
    10 94 21
    10 95 7
    10 96 20
    10 97 5
    10 98 6
    10 99 20
    10 100 20
    11 1 9
    11 2 19
    11 3 5
    11 4 7
    11 5 15
    11 6 25
    11 7 11
    11 8 25
    11 9 24
    11 10 15
    11 11 24
    11 12 5
    11 13 11
    11 14 13
    11 15 25
    11 16 16
    11 17 8
    11 18 12
    11 19 11
    11 20 7
    11 21 19
    11 22 11
    11 23 16
    11 24 25
    11 25 11
    11 26 5
    11 27 13
    11 28 23
    11 29 20
    11 30 23
    11 31 17
    11 32 19
    11 33 14
    11 34 19
    11 35 18
    11 36 6
    11 37 13
    11 38 24
    11 39 5
    11 40 16
    11 41 13
    11 42 15
    11 43 8
    11 44 21
    11 45 5
    11 46 23
    11 47 22
    11 48 20
    11 49 16
    11 50 7
    11 51 24
    11 52 16
    11 53 5
    11 54 23
    11 55 14
    11 56 5
    11 57 14
    11 58 7
    11 59 12
    11 60 14
    11 61 9
    11 62 9
    11 63 14
    11 64 13
    11 65 21
    11 66 8
    11 67 23
    11 68 21
    11 69 9
    11 70 15
    11 71 12
    11 72 10
    11 73 14
    11 74 8
    11 75 12
    11 76 23
    11 77 12
    11 78 21
    11 79 9
    11 80 17
    11 81 7
    11 82 9
    11 83 14
    11 84 17
    11 85 6
    11 86 11
    11 87 10
    11 88 24
    11 89 14
    11 90 17
    11 91 23
    11 92 24
    11 93 15
    11 94 16
    11 95 6
    11 96 11
    11 97 8
    11 98 13
    11 99 11
    11 100 9
    12 1 16
    12 2 20
    12 3 8
    12 4 25
    12 5 5
    12 6 10
    12 7 16
    12 8 14
    12 9 12
    12 10 15
    12 11 20
    12 12 9
    12 13 20
    12 14 19
    12 15 8
    12 16 12
    12 17 25
    12 18 9
    12 19 5
    12 20 19
    12 21 16
    12 22 16
    12 23 9
    12 24 8
    12 25 18
    12 26 13
    12 27 24
    12 28 23
    12 29 7
    12 30 12
    12 31 5
    12 32 21
    12 33 8
    12 34 22
    12 35 5
    12 36 15
    12 37 19
    12 38 11
    12 39 10
    12 40 10
    12 41 9
    12 42 20
    12 43 22
    12 44 14
    12 45 18
    12 46 11
    12 47 19
    12 48 15
    12 49 6
    12 50 14
    12 51 23
    12 52 25
    12 53 18
    12 54 22
    12 55 5
    12 56 18
    12 57 21
    12 58 16
    12 59 14
    12 60 16
    12 61 22
    12 62 18
    12 63 9
    12 64 13
    12 65 23
    12 66 11
    12 67 12
    12 68 18
    12 69 18
    12 70 16
    12 71 10
    12 72 13
    12 73 5
    12 74 13
    12 75 23
    12 76 10
    12 77 23
    12 78 19
    12 79 7
    12 80 9
    12 81 18
    12 82 8
    12 83 19
    12 84 19
    12 85 9
    12 86 6
    12 87 11
    12 88 8
    12 89 8
    12 90 6
    12 91 22
    12 92 21
    12 93 6
    12 94 20
    12 95 19
    12 96 13
    12 97 16
    12 98 23
    12 99 17
    12 100 8
    13 1 19
    13 2 24
    13 3 18
    13 4 15
    13 5 9
    13 6 18
    13 7 24
    13 8 15
    13 9 25
    13 10 5
    13 11 19
    13 12 6
    13 13 10
    13 14 18
    13 15 8
    13 16 16
    13 17 12
    13 18 15
    13 19 11
    13 20 7
    13 21 10
    13 22 9
    13 23 8
    13 24 22
    13 25 6
    13 26 18
    13 27 13
    13 28 18
    13 29 9
    13 30 14
    13 31 22
    13 32 21
    13 33 6
    13 34 6
    13 35 25
    13 36 18
    13 37 6
    13 38 22
    13 39 6
    13 40 6
    13 41 25
    13 42 11
    13 43 8
    13 44 7
    13 45 12
    13 46 13
    13 47 24
    13 48 9
    13 49 17
    13 50 10
    13 51 19
    13 52 12
    13 53 13
    13 54 12
    13 55 11
    13 56 8
    13 57 22
    13 58 10
    13 59 20
    13 60 14
    13 61 25
    13 62 8
    13 63 5
    13 64 10
    13 65 22
    13 66 12
    13 67 5
    13 68 11
    13 69 8
    13 70 14
    13 71 6
    13 72 20
    13 73 19
    13 74 9
    13 75 17
    13 76 23
    13 77 17
    13 78 8
    13 79 12
    13 80 14
    13 81 11
    13 82 25
    13 83 15
    13 84 6
    13 85 8
    13 86 10
    13 87 7
    13 88 25
    13 89 23
    13 90 7
    13 91 12
    13 92 16
    13 93 5
    13 94 12
    13 95 7
    13 96 10
    13 97 16
    13 98 24
    13 99 25
    13 100 16
    14 1 6
    14 2 12
    14 3 18
    14 4 11
    14 5 13
    14 6 7
    14 7 10
    14 8 14
    14 9 21
    14 10 25
    14 11 21
    14 12 23
    14 13 11
    14 14 8
    14 15 5
    14 16 5
    14 17 8
    14 18 20
    14 19 8
    14 20 17
    14 21 11
    14 22 15
    14 23 13
    14 24 9
    14 25 17
    14 26 17
    14 27 20
    14 28 12
    14 29 10
    14 30 17
    14 31 11
    14 32 23
    14 33 14
    14 34 16
    14 35 10
    14 36 17
    14 37 6
    14 38 9
    14 39 5
    14 40 9
    14 41 19
    14 42 24
    14 43 10
    14 44 8
    14 45 5
    14 46 5
    14 47 25
    14 48 14
    14 49 8
    14 50 25
    14 51 22
    14 52 10
    14 53 23
    14 54 11
    14 55 8
    14 56 8
    14 57 7
    14 58 19
    14 59 13
    14 60 9
    14 61 20
    14 62 23
    14 63 24
    14 64 8
    14 65 7
    14 66 9
    14 67 13
    14 68 10
    14 69 7
    14 70 11
    14 71 23
    14 72 7
    14 73 10
    14 74 14
    14 75 21
    14 76 22
    14 77 14
    14 78 13
    14 79 12
    14 80 6
    14 81 5
    14 82 10
    14 83 15
    14 84 8
    14 85 21
    14 86 12
    14 87 15
    14 88 15
    14 89 5
    14 90 18
    14 91 15
    14 92 14
    14 93 11
    14 94 6
    14 95 5
    14 96 24
    14 97 24
    14 98 22
    14 99 8
    14 100 5
    15 1 20
    15 2 25
    15 3 9
    15 4 18
    15 5 15
    15 6 9
    15 7 7
    15 8 15
    15 9 9
    15 10 24
    15 11 17
    15 12 5
    15 13 16
    15 14 8
    15 15 9
    15 16 15
    15 17 5
    15 18 5
    15 19 12
    15 20 24
    15 21 24
    15 22 19
    15 23 10
    15 24 15
    15 25 24
    15 26 7
    15 27 7
    15 28 5
    15 29 21
    15 30 5
    15 31 19
    15 32 16
    15 33 16
    15 34 15
    15 35 22
    15 36 18
    15 37 15
    15 38 5
    15 39 23
    15 40 19
    15 41 17
    15 42 25
    15 43 12
    15 44 23
    15 45 23
    15 46 14
    15 47 5
    15 48 14
    15 49 6
    15 50 14
    15 51 10
    15 52 17
    15 53 14
    15 54 11
    15 55 20
    15 56 25
    15 57 7
    15 58 20
    15 59 7
    15 60 21
    15 61 22
    15 62 19
    15 63 21
    15 64 15
    15 65 23
    15 66 22
    15 67 21
    15 68 13
    15 69 16
    15 70 24
    15 71 18
    15 72 24
    15 73 13
    15 74 16
    15 75 19
    15 76 21
    15 77 25
    15 78 7
    15 79 20
    15 80 6
    15 81 25
    15 82 14
    15 83 25
    15 84 5
    15 85 13
    15 86 7
    15 87 23
    15 88 12
    15 89 23
    15 90 11
    15 91 9
    15 92 5
    15 93 8
    15 94 24
    15 95 10
    15 96 13
    15 97 16
    15 98 20
    15 99 16
    15 100 21
    16 1 23
    16 2 8
    16 3 18
    16 4 17
    16 5 24
    16 6 14
    16 7 5
    16 8 11
    16 9 8
    16 10 12
    16 11 25
    16 12 15
    16 13 13
    16 14 18
    16 15 16
    16 16 11
    16 17 16
    16 18 5
    16 19 13
    16 20 6
    16 21 5
    16 22 25
    16 23 5
    16 24 6
    16 25 6
    16 26 6
    16 27 19
    16 28 24
    16 29 8
    16 30 18
    16 31 23
    16 32 7
    16 33 23
    16 34 11
    16 35 7
    16 36 10
    16 37 11
    16 38 8
    16 39 7
    16 40 13
    16 41 19
    16 42 16
    16 43 10
    16 44 21
    16 45 19
    16 46 12
    16 47 15
    16 48 24
    16 49 22
    16 50 8
    16 51 23
    16 52 16
    16 53 22
    16 54 18
    16 55 15
    16 56 19
    16 57 23
    16 58 18
    16 59 16
    16 60 16
    16 61 18
    16 62 19
    16 63 25
    16 64 7
    16 65 6
    16 66 6
    16 67 5
    16 68 9
    16 69 6
    16 70 24
    16 71 5
    16 72 18
    16 73 24
    16 74 14
    16 75 25
    16 76 24
    16 77 18
    16 78 16
    16 79 18
    16 80 23
    16 81 12
    16 82 21
    16 83 21
    16 84 8
    16 85 8
    16 86 21
    16 87 21
    16 88 7
    16 89 25
    16 90 12
    16 91 5
    16 92 21
    16 93 21
    16 94 21
    16 95 9
    16 96 25
    16 97 5
    16 98 11
    16 99 11
    16 100 24
    17 1 12
    17 2 18
    17 3 9
    17 4 25
    17 5 12
    17 6 22
    17 7 11
    17 8 25
    17 9 21
    17 10 25
    17 11 6
    17 12 18
    17 13 9
    17 14 15
    17 15 12
    17 16 12
    17 17 15
    17 18 20
    17 19 17
    17 20 5
    17 21 24
    17 22 9
    17 23 10
    17 24 7
    17 25 20
    17 26 15
    17 27 15
    17 28 14
    17 29 13
    17 30 10
    17 31 16
    17 32 19
    17 33 6
    17 34 24
    17 35 14
    17 36 21
    17 37 16
    17 38 21
    17 39 10
    17 40 21
    17 41 7
    17 42 7
    17 43 10
    17 44 8
    17 45 18
    17 46 6
    17 47 21
    17 48 11
    17 49 24
    17 50 16
    17 51 23
    17 52 17
    17 53 12
    17 54 13
    17 55 9
    17 56 5
    17 57 13
    17 58 8
    17 59 24
    17 60 18
    17 61 25
    17 62 9
    17 63 13
    17 64 21
    17 65 14
    17 66 9
    17 67 23
    17 68 6
    17 69 8
    17 70 18
    17 71 21
    17 72 13
    17 73 11
    17 74 7
    17 75 7
    17 76 21
    17 77 24
    17 78 13
    17 79 25
    17 80 14
    17 81 6
    17 82 23
    17 83 23
    17 84 14
    17 85 24
    17 86 12
    17 87 20
    17 88 23
    17 89 9
    17 90 21
    17 91 6
    17 92 10
    17 93 17
    17 94 22
    17 95 10
    17 96 17
    17 97 16
    17 98 16
    17 99 24
    17 100 7
    18 1 5
    18 2 24
    18 3 16
    18 4 19
    18 5 16
    18 6 23
    18 7 21
    18 8 14
    18 9 14
    18 10 21
    18 11 21
    18 12 5
    18 13 11
    18 14 9
    18 15 9
    18 16 20
    18 17 16
    18 18 19
    18 19 14
    18 20 7
    18 21 9
    18 22 7
    18 23 19
    18 24 11
    18 25 10
    18 26 23
    18 27 10
    18 28 10
    18 29 24
    18 30 20
    18 31 13
    18 32 22
    18 33 23
    18 34 11
    18 35 8
    18 36 15
    18 37 20
    18 38 25
    18 39 20
    18 40 13
    18 41 21
    18 42 17
    18 43 23
    18 44 9
    18 45 13
    18 46 19
    18 47 24
    18 48 25
    18 49 5
    18 50 10
    18 51 23
    18 52 5
    18 53 5
    18 54 17
    18 55 5
    18 56 14
    18 57 25
    18 58 13
    18 59 17
    18 60 7
    18 61 19
    18 62 11
    18 63 15
    18 64 15
    18 65 21
    18 66 22
    18 67 25
    18 68 19
    18 69 11
    18 70 20
    18 71 24
    18 72 15
    18 73 15
    18 74 14
    18 75 19
    18 76 11
    18 77 22
    18 78 10
    18 79 11
    18 80 10
    18 81 12
    18 82 7
    18 83 11
    18 84 25
    18 85 23
    18 86 15
    18 87 18
    18 88 18
    18 89 24
    18 90 18
    18 91 7
    18 92 10
    18 93 17
    18 94 15
    18 95 19
    18 96 22
    18 97 19
    18 98 18
    18 99 12
    18 100 5
    19 1 10
    19 2 10
    19 3 15
    19 4 25
    19 5 10
    19 6 10
    19 7 18
    19 8 12
    19 9 18
    19 10 13
    19 11 6
    19 12 7
    19 13 20
    19 14 16
    19 15 24
    19 16 10
    19 17 17
    19 18 19
    19 19 12
    19 20 14
    19 21 11
    19 22 6
    19 23 17
    19 24 23
    19 25 5
    19 26 11
    19 27 21
    19 28 9
    19 29 22
    19 30 7
    19 31 11
    19 32 11
    19 33 8
    19 34 11
    19 35 5
    19 36 18
    19 37 24
    19 38 5
    19 39 23
    19 40 18
    19 41 15
    19 42 16
    19 43 8
    19 44 14
    19 45 9
    19 46 5
    19 47 20
    19 48 6
    19 49 17
    19 50 20
    19 51 14
    19 52 21
    19 53 14
    19 54 12
    19 55 18
    19 56 7
    19 57 24
    19 58 12
    19 59 5
    19 60 10
    19 61 11
    19 62 23
    19 63 21
    19 64 11
    19 65 11
    19 66 11
    19 67 12
    19 68 17
    19 69 10
    19 70 7
    19 71 14
    19 72 8
    19 73 17
    19 74 19
    19 75 25
    19 76 22
    19 77 7
    19 78 11
    19 79 19
    19 80 20
    19 81 23
    19 82 6
    19 83 14
    19 84 7
    19 85 22
    19 86 13
    19 87 20
    19 88 5
    19 89 20
    19 90 6
    19 91 23
    19 92 8
    19 93 16
    19 94 21
    19 95 18
    19 96 19
    19 97 14
    19 98 15
    19 99 21
    19 100 18
    20 1 11
    20 2 25
    20 3 9
    20 4 6
    20 5 21
    20 6 16
    20 7 9
    20 8 5
    20 9 23
    20 10 12
    20 11 13
    20 12 12
    20 13 5
    20 14 19
    20 15 10
    20 16 13
    20 17 24
    20 18 11
    20 19 8
    20 20 20
    20 21 19
    20 22 16
    20 23 10
    20 24 18
    20 25 25
    20 26 22
    20 27 15
    20 28 9
    20 29 25
    20 30 22
    20 31 23
    20 32 22
    20 33 8
    20 34 12
    20 35 24
    20 36 13
    20 37 14
    20 38 19
    20 39 23
    20 40 16
    20 41 22
    20 42 11
    20 43 15
    20 44 8
    20 45 10
    20 46 13
    20 47 9
    20 48 25
    20 49 12
    20 50 14
    20 51 6
    20 52 9
    20 53 14
    20 54 19
    20 55 13
    20 56 20
    20 57 5
    20 58 11
    20 59 20
    20 60 13
    20 61 24
    20 62 23
    20 63 17
    20 64 21
    20 65 23
    20 66 10
    20 67 6
    20 68 7
    20 69 18
    20 70 9
    20 71 13
    20 72 9
    20 73 19
    20 74 16
    20 75 12
    20 76 10
    20 77 12
    20 78 19
    20 79 21
    20 80 20
    20 81 21
    20 82 13
    20 83 14
    20 84 15
    20 85 11
    20 86 24
    20 87 22
    20 88 7
    20 89 11
    20 90 20
    20 91 22
    20 92 5
    20 93 22
    20 94 6
    20 95 8
    20 96 18
    20 97 22
    20 98 21
    20 99 8
    20 100 10;
param b := 
    1 100
    2 100
    3 100
    4 100
    5 100
    6 100
    7 100
    8 100
    9 100
    10 100
    11 100
    12 100
    13 100
    14 100
    15 100
    16 100
    17 100
    18 100
    19 100
    20 100;
end;